{
 "cells": [
  {
   "cell_type": "code",
   "execution_count": 16,
   "id": "27332a28",
   "metadata": {},
   "outputs": [],
   "source": [
    "import numpy as np \n",
    "import pandas as pd \n",
    "from tensorflow.keras.models import Sequential\n",
    "import datetime\n",
    "import matplotlib.pyplot as plt\n",
    "import tensorflow.keras as keras\n",
    "from sklearn import preprocessing\n",
    "from sklearn.preprocessing import StandardScaler\n",
    "import seaborn as sns\n",
    "#載入CSV\n",
    "train = pd.read_csv('train-v3.csv')\n",
    "valid = pd.read_csv('valid-v3.csv')\n",
    "test = pd.read_csv('test-v3.csv')"
   ]
  },
  {
   "cell_type": "code",
   "execution_count": 2,
   "id": "726438a8",
   "metadata": {},
   "outputs": [
    {
     "data": {
      "text/html": [
       "<div>\n",
       "<style scoped>\n",
       "    .dataframe tbody tr th:only-of-type {\n",
       "        vertical-align: middle;\n",
       "    }\n",
       "\n",
       "    .dataframe tbody tr th {\n",
       "        vertical-align: top;\n",
       "    }\n",
       "\n",
       "    .dataframe thead th {\n",
       "        text-align: right;\n",
       "    }\n",
       "</style>\n",
       "<table border=\"1\" class=\"dataframe\">\n",
       "  <thead>\n",
       "    <tr style=\"text-align: right;\">\n",
       "      <th></th>\n",
       "      <th>id</th>\n",
       "      <th>price</th>\n",
       "      <th>sale_yr</th>\n",
       "      <th>sale_month</th>\n",
       "      <th>sale_day</th>\n",
       "      <th>bedrooms</th>\n",
       "      <th>bathrooms</th>\n",
       "      <th>sqft_living</th>\n",
       "      <th>sqft_lot</th>\n",
       "      <th>floors</th>\n",
       "      <th>...</th>\n",
       "      <th>grade</th>\n",
       "      <th>sqft_above</th>\n",
       "      <th>sqft_basement</th>\n",
       "      <th>yr_built</th>\n",
       "      <th>yr_renovated</th>\n",
       "      <th>zipcode</th>\n",
       "      <th>lat</th>\n",
       "      <th>long</th>\n",
       "      <th>sqft_living15</th>\n",
       "      <th>sqft_lot15</th>\n",
       "    </tr>\n",
       "  </thead>\n",
       "  <tbody>\n",
       "    <tr>\n",
       "      <th>id</th>\n",
       "      <td>1.000000</td>\n",
       "      <td>-0.018552</td>\n",
       "      <td>0.011739</td>\n",
       "      <td>-0.015319</td>\n",
       "      <td>-0.000028</td>\n",
       "      <td>-0.001835</td>\n",
       "      <td>0.003585</td>\n",
       "      <td>-0.017667</td>\n",
       "      <td>-0.142302</td>\n",
       "      <td>0.021799</td>\n",
       "      <td>...</td>\n",
       "      <td>0.007314</td>\n",
       "      <td>-0.014489</td>\n",
       "      <td>-0.009677</td>\n",
       "      <td>0.023552</td>\n",
       "      <td>-0.015689</td>\n",
       "      <td>-0.009795</td>\n",
       "      <td>-0.003877</td>\n",
       "      <td>0.016109</td>\n",
       "      <td>-0.008666</td>\n",
       "      <td>-0.142482</td>\n",
       "    </tr>\n",
       "    <tr>\n",
       "      <th>price</th>\n",
       "      <td>-0.018552</td>\n",
       "      <td>1.000000</td>\n",
       "      <td>0.007752</td>\n",
       "      <td>-0.024029</td>\n",
       "      <td>-0.008888</td>\n",
       "      <td>0.301817</td>\n",
       "      <td>0.521330</td>\n",
       "      <td>0.702100</td>\n",
       "      <td>0.101519</td>\n",
       "      <td>0.241054</td>\n",
       "      <td>...</td>\n",
       "      <td>0.672523</td>\n",
       "      <td>0.601167</td>\n",
       "      <td>0.337082</td>\n",
       "      <td>0.057491</td>\n",
       "      <td>0.129219</td>\n",
       "      <td>-0.052930</td>\n",
       "      <td>0.309688</td>\n",
       "      <td>0.020066</td>\n",
       "      <td>0.586408</td>\n",
       "      <td>0.078428</td>\n",
       "    </tr>\n",
       "    <tr>\n",
       "      <th>sale_yr</th>\n",
       "      <td>0.011739</td>\n",
       "      <td>0.007752</td>\n",
       "      <td>1.000000</td>\n",
       "      <td>-0.781698</td>\n",
       "      <td>0.000353</td>\n",
       "      <td>0.001494</td>\n",
       "      <td>-0.015368</td>\n",
       "      <td>-0.021402</td>\n",
       "      <td>0.006448</td>\n",
       "      <td>-0.018299</td>\n",
       "      <td>...</td>\n",
       "      <td>-0.024184</td>\n",
       "      <td>-0.021474</td>\n",
       "      <td>-0.004370</td>\n",
       "      <td>-0.001010</td>\n",
       "      <td>-0.013095</td>\n",
       "      <td>0.008871</td>\n",
       "      <td>-0.026338</td>\n",
       "      <td>-0.002823</td>\n",
       "      <td>-0.017867</td>\n",
       "      <td>0.002483</td>\n",
       "    </tr>\n",
       "    <tr>\n",
       "      <th>sale_month</th>\n",
       "      <td>-0.015319</td>\n",
       "      <td>-0.024029</td>\n",
       "      <td>-0.781698</td>\n",
       "      <td>1.000000</td>\n",
       "      <td>-0.066544</td>\n",
       "      <td>-0.010604</td>\n",
       "      <td>-0.007158</td>\n",
       "      <td>-0.000472</td>\n",
       "      <td>-0.007040</td>\n",
       "      <td>0.010150</td>\n",
       "      <td>...</td>\n",
       "      <td>-0.004369</td>\n",
       "      <td>0.002046</td>\n",
       "      <td>-0.004823</td>\n",
       "      <td>-0.008522</td>\n",
       "      <td>0.004638</td>\n",
       "      <td>-0.003360</td>\n",
       "      <td>0.007777</td>\n",
       "      <td>-0.007013</td>\n",
       "      <td>-0.005913</td>\n",
       "      <td>-0.002281</td>\n",
       "    </tr>\n",
       "    <tr>\n",
       "      <th>sale_day</th>\n",
       "      <td>-0.000028</td>\n",
       "      <td>-0.008888</td>\n",
       "      <td>0.000353</td>\n",
       "      <td>-0.066544</td>\n",
       "      <td>1.000000</td>\n",
       "      <td>-0.002956</td>\n",
       "      <td>-0.000282</td>\n",
       "      <td>-0.004819</td>\n",
       "      <td>-0.015035</td>\n",
       "      <td>-0.002563</td>\n",
       "      <td>...</td>\n",
       "      <td>-0.004275</td>\n",
       "      <td>0.000539</td>\n",
       "      <td>-0.011064</td>\n",
       "      <td>-0.003967</td>\n",
       "      <td>0.015097</td>\n",
       "      <td>-0.011836</td>\n",
       "      <td>-0.003930</td>\n",
       "      <td>-0.005230</td>\n",
       "      <td>-0.000844</td>\n",
       "      <td>-0.009109</td>\n",
       "    </tr>\n",
       "    <tr>\n",
       "      <th>bedrooms</th>\n",
       "      <td>-0.001835</td>\n",
       "      <td>0.301817</td>\n",
       "      <td>0.001494</td>\n",
       "      <td>-0.010604</td>\n",
       "      <td>-0.002956</td>\n",
       "      <td>1.000000</td>\n",
       "      <td>0.506150</td>\n",
       "      <td>0.563715</td>\n",
       "      <td>0.043723</td>\n",
       "      <td>0.158787</td>\n",
       "      <td>...</td>\n",
       "      <td>0.357437</td>\n",
       "      <td>0.471012</td>\n",
       "      <td>0.292518</td>\n",
       "      <td>0.158293</td>\n",
       "      <td>0.017019</td>\n",
       "      <td>-0.153187</td>\n",
       "      <td>-0.011471</td>\n",
       "      <td>0.134836</td>\n",
       "      <td>0.383713</td>\n",
       "      <td>0.035662</td>\n",
       "    </tr>\n",
       "    <tr>\n",
       "      <th>bathrooms</th>\n",
       "      <td>0.003585</td>\n",
       "      <td>0.521330</td>\n",
       "      <td>-0.015368</td>\n",
       "      <td>-0.007158</td>\n",
       "      <td>-0.000282</td>\n",
       "      <td>0.506150</td>\n",
       "      <td>1.000000</td>\n",
       "      <td>0.751196</td>\n",
       "      <td>0.111547</td>\n",
       "      <td>0.525690</td>\n",
       "      <td>...</td>\n",
       "      <td>0.670199</td>\n",
       "      <td>0.683281</td>\n",
       "      <td>0.285493</td>\n",
       "      <td>0.517302</td>\n",
       "      <td>0.051187</td>\n",
       "      <td>-0.210371</td>\n",
       "      <td>0.023491</td>\n",
       "      <td>0.229700</td>\n",
       "      <td>0.571972</td>\n",
       "      <td>0.098087</td>\n",
       "    </tr>\n",
       "    <tr>\n",
       "      <th>sqft_living</th>\n",
       "      <td>-0.017667</td>\n",
       "      <td>0.702100</td>\n",
       "      <td>-0.021402</td>\n",
       "      <td>-0.000472</td>\n",
       "      <td>-0.004819</td>\n",
       "      <td>0.563715</td>\n",
       "      <td>0.751196</td>\n",
       "      <td>1.000000</td>\n",
       "      <td>0.199900</td>\n",
       "      <td>0.356204</td>\n",
       "      <td>...</td>\n",
       "      <td>0.764135</td>\n",
       "      <td>0.877851</td>\n",
       "      <td>0.439577</td>\n",
       "      <td>0.321174</td>\n",
       "      <td>0.056815</td>\n",
       "      <td>-0.198690</td>\n",
       "      <td>0.057183</td>\n",
       "      <td>0.241130</td>\n",
       "      <td>0.757771</td>\n",
       "      <td>0.192312</td>\n",
       "    </tr>\n",
       "    <tr>\n",
       "      <th>sqft_lot</th>\n",
       "      <td>-0.142302</td>\n",
       "      <td>0.101519</td>\n",
       "      <td>0.006448</td>\n",
       "      <td>-0.007040</td>\n",
       "      <td>-0.015035</td>\n",
       "      <td>0.043723</td>\n",
       "      <td>0.111547</td>\n",
       "      <td>0.199900</td>\n",
       "      <td>1.000000</td>\n",
       "      <td>-0.001955</td>\n",
       "      <td>...</td>\n",
       "      <td>0.134900</td>\n",
       "      <td>0.209318</td>\n",
       "      <td>0.024416</td>\n",
       "      <td>0.061289</td>\n",
       "      <td>0.015304</td>\n",
       "      <td>-0.134486</td>\n",
       "      <td>-0.098030</td>\n",
       "      <td>0.243222</td>\n",
       "      <td>0.160086</td>\n",
       "      <td>0.719971</td>\n",
       "    </tr>\n",
       "    <tr>\n",
       "      <th>floors</th>\n",
       "      <td>0.021799</td>\n",
       "      <td>0.241054</td>\n",
       "      <td>-0.018299</td>\n",
       "      <td>0.010150</td>\n",
       "      <td>-0.002563</td>\n",
       "      <td>0.158787</td>\n",
       "      <td>0.525690</td>\n",
       "      <td>0.356204</td>\n",
       "      <td>-0.001955</td>\n",
       "      <td>1.000000</td>\n",
       "      <td>...</td>\n",
       "      <td>0.471167</td>\n",
       "      <td>0.517587</td>\n",
       "      <td>-0.227682</td>\n",
       "      <td>0.583424</td>\n",
       "      <td>-0.013754</td>\n",
       "      <td>-0.101169</td>\n",
       "      <td>0.036589</td>\n",
       "      <td>0.161123</td>\n",
       "      <td>0.297821</td>\n",
       "      <td>-0.010979</td>\n",
       "    </tr>\n",
       "    <tr>\n",
       "      <th>waterfront</th>\n",
       "      <td>-0.003153</td>\n",
       "      <td>0.266653</td>\n",
       "      <td>0.002698</td>\n",
       "      <td>-0.001807</td>\n",
       "      <td>0.007933</td>\n",
       "      <td>-0.006144</td>\n",
       "      <td>0.061259</td>\n",
       "      <td>0.108829</td>\n",
       "      <td>0.030690</td>\n",
       "      <td>0.021848</td>\n",
       "      <td>...</td>\n",
       "      <td>0.089190</td>\n",
       "      <td>0.072992</td>\n",
       "      <td>0.090118</td>\n",
       "      <td>-0.029447</td>\n",
       "      <td>0.110810</td>\n",
       "      <td>0.034331</td>\n",
       "      <td>-0.017276</td>\n",
       "      <td>-0.049375</td>\n",
       "      <td>0.092290</td>\n",
       "      <td>0.034915</td>\n",
       "    </tr>\n",
       "    <tr>\n",
       "      <th>view</th>\n",
       "      <td>0.017135</td>\n",
       "      <td>0.404273</td>\n",
       "      <td>-0.000529</td>\n",
       "      <td>-0.007785</td>\n",
       "      <td>0.011097</td>\n",
       "      <td>0.081847</td>\n",
       "      <td>0.192763</td>\n",
       "      <td>0.294801</td>\n",
       "      <td>0.080008</td>\n",
       "      <td>0.025428</td>\n",
       "      <td>...</td>\n",
       "      <td>0.259589</td>\n",
       "      <td>0.172099</td>\n",
       "      <td>0.292172</td>\n",
       "      <td>-0.050330</td>\n",
       "      <td>0.107713</td>\n",
       "      <td>0.081988</td>\n",
       "      <td>0.008133</td>\n",
       "      <td>-0.077312</td>\n",
       "      <td>0.289343</td>\n",
       "      <td>0.073464</td>\n",
       "    </tr>\n",
       "    <tr>\n",
       "      <th>condition</th>\n",
       "      <td>-0.029778</td>\n",
       "      <td>0.040836</td>\n",
       "      <td>-0.044823</td>\n",
       "      <td>0.024307</td>\n",
       "      <td>0.003830</td>\n",
       "      <td>0.028081</td>\n",
       "      <td>-0.128083</td>\n",
       "      <td>-0.058682</td>\n",
       "      <td>-0.011748</td>\n",
       "      <td>-0.292446</td>\n",
       "      <td>...</td>\n",
       "      <td>-0.145017</td>\n",
       "      <td>-0.157826</td>\n",
       "      <td>0.173584</td>\n",
       "      <td>-0.367136</td>\n",
       "      <td>-0.054590</td>\n",
       "      <td>0.003251</td>\n",
       "      <td>-0.005136</td>\n",
       "      <td>-0.112918</td>\n",
       "      <td>-0.090462</td>\n",
       "      <td>-0.005565</td>\n",
       "    </tr>\n",
       "    <tr>\n",
       "      <th>grade</th>\n",
       "      <td>0.007314</td>\n",
       "      <td>0.672523</td>\n",
       "      <td>-0.024184</td>\n",
       "      <td>-0.004369</td>\n",
       "      <td>-0.004275</td>\n",
       "      <td>0.357437</td>\n",
       "      <td>0.670199</td>\n",
       "      <td>0.764135</td>\n",
       "      <td>0.134900</td>\n",
       "      <td>0.471167</td>\n",
       "      <td>...</td>\n",
       "      <td>1.000000</td>\n",
       "      <td>0.756418</td>\n",
       "      <td>0.175320</td>\n",
       "      <td>0.453137</td>\n",
       "      <td>0.010583</td>\n",
       "      <td>-0.187606</td>\n",
       "      <td>0.118662</td>\n",
       "      <td>0.200529</td>\n",
       "      <td>0.717157</td>\n",
       "      <td>0.119376</td>\n",
       "    </tr>\n",
       "    <tr>\n",
       "      <th>sqft_above</th>\n",
       "      <td>-0.014489</td>\n",
       "      <td>0.601167</td>\n",
       "      <td>-0.021474</td>\n",
       "      <td>0.002046</td>\n",
       "      <td>0.000539</td>\n",
       "      <td>0.471012</td>\n",
       "      <td>0.683281</td>\n",
       "      <td>0.877851</td>\n",
       "      <td>0.209318</td>\n",
       "      <td>0.517587</td>\n",
       "      <td>...</td>\n",
       "      <td>0.756418</td>\n",
       "      <td>1.000000</td>\n",
       "      <td>-0.044298</td>\n",
       "      <td>0.426661</td>\n",
       "      <td>0.025544</td>\n",
       "      <td>-0.261634</td>\n",
       "      <td>0.002178</td>\n",
       "      <td>0.345984</td>\n",
       "      <td>0.731262</td>\n",
       "      <td>0.198562</td>\n",
       "    </tr>\n",
       "    <tr>\n",
       "      <th>sqft_basement</th>\n",
       "      <td>-0.009677</td>\n",
       "      <td>0.337082</td>\n",
       "      <td>-0.004370</td>\n",
       "      <td>-0.004823</td>\n",
       "      <td>-0.011064</td>\n",
       "      <td>0.292518</td>\n",
       "      <td>0.285493</td>\n",
       "      <td>0.439577</td>\n",
       "      <td>0.024416</td>\n",
       "      <td>-0.227682</td>\n",
       "      <td>...</td>\n",
       "      <td>0.175320</td>\n",
       "      <td>-0.044298</td>\n",
       "      <td>1.000000</td>\n",
       "      <td>-0.130229</td>\n",
       "      <td>0.070606</td>\n",
       "      <td>0.076225</td>\n",
       "      <td>0.115194</td>\n",
       "      <td>-0.145891</td>\n",
       "      <td>0.209224</td>\n",
       "      <td>0.028761</td>\n",
       "    </tr>\n",
       "    <tr>\n",
       "      <th>yr_built</th>\n",
       "      <td>0.023552</td>\n",
       "      <td>0.057491</td>\n",
       "      <td>-0.001010</td>\n",
       "      <td>-0.008522</td>\n",
       "      <td>-0.003967</td>\n",
       "      <td>0.158293</td>\n",
       "      <td>0.517302</td>\n",
       "      <td>0.321174</td>\n",
       "      <td>0.061289</td>\n",
       "      <td>0.583424</td>\n",
       "      <td>...</td>\n",
       "      <td>0.453137</td>\n",
       "      <td>0.426661</td>\n",
       "      <td>-0.130229</td>\n",
       "      <td>1.000000</td>\n",
       "      <td>-0.220292</td>\n",
       "      <td>-0.346266</td>\n",
       "      <td>-0.143039</td>\n",
       "      <td>0.410174</td>\n",
       "      <td>0.326640</td>\n",
       "      <td>0.066095</td>\n",
       "    </tr>\n",
       "    <tr>\n",
       "      <th>yr_renovated</th>\n",
       "      <td>-0.015689</td>\n",
       "      <td>0.129219</td>\n",
       "      <td>-0.013095</td>\n",
       "      <td>0.004638</td>\n",
       "      <td>0.015097</td>\n",
       "      <td>0.017019</td>\n",
       "      <td>0.051187</td>\n",
       "      <td>0.056815</td>\n",
       "      <td>0.015304</td>\n",
       "      <td>-0.013754</td>\n",
       "      <td>...</td>\n",
       "      <td>0.010583</td>\n",
       "      <td>0.025544</td>\n",
       "      <td>0.070606</td>\n",
       "      <td>-0.220292</td>\n",
       "      <td>1.000000</td>\n",
       "      <td>0.053892</td>\n",
       "      <td>0.013535</td>\n",
       "      <td>-0.059053</td>\n",
       "      <td>0.005392</td>\n",
       "      <td>0.020924</td>\n",
       "    </tr>\n",
       "    <tr>\n",
       "      <th>zipcode</th>\n",
       "      <td>-0.009795</td>\n",
       "      <td>-0.052930</td>\n",
       "      <td>0.008871</td>\n",
       "      <td>-0.003360</td>\n",
       "      <td>-0.011836</td>\n",
       "      <td>-0.153187</td>\n",
       "      <td>-0.210371</td>\n",
       "      <td>-0.198690</td>\n",
       "      <td>-0.134486</td>\n",
       "      <td>-0.101169</td>\n",
       "      <td>...</td>\n",
       "      <td>-0.187606</td>\n",
       "      <td>-0.261634</td>\n",
       "      <td>0.076225</td>\n",
       "      <td>-0.346266</td>\n",
       "      <td>0.053892</td>\n",
       "      <td>1.000000</td>\n",
       "      <td>0.267687</td>\n",
       "      <td>-0.565950</td>\n",
       "      <td>-0.276162</td>\n",
       "      <td>-0.144500</td>\n",
       "    </tr>\n",
       "    <tr>\n",
       "      <th>lat</th>\n",
       "      <td>-0.003877</td>\n",
       "      <td>0.309688</td>\n",
       "      <td>-0.026338</td>\n",
       "      <td>0.007777</td>\n",
       "      <td>-0.003930</td>\n",
       "      <td>-0.011471</td>\n",
       "      <td>0.023491</td>\n",
       "      <td>0.057183</td>\n",
       "      <td>-0.098030</td>\n",
       "      <td>0.036589</td>\n",
       "      <td>...</td>\n",
       "      <td>0.118662</td>\n",
       "      <td>0.002178</td>\n",
       "      <td>0.115194</td>\n",
       "      <td>-0.143039</td>\n",
       "      <td>0.013535</td>\n",
       "      <td>0.267687</td>\n",
       "      <td>1.000000</td>\n",
       "      <td>-0.141997</td>\n",
       "      <td>0.052141</td>\n",
       "      <td>-0.091305</td>\n",
       "    </tr>\n",
       "    <tr>\n",
       "      <th>long</th>\n",
       "      <td>0.016109</td>\n",
       "      <td>0.020066</td>\n",
       "      <td>-0.002823</td>\n",
       "      <td>-0.007013</td>\n",
       "      <td>-0.005230</td>\n",
       "      <td>0.134836</td>\n",
       "      <td>0.229700</td>\n",
       "      <td>0.241130</td>\n",
       "      <td>0.243222</td>\n",
       "      <td>0.161123</td>\n",
       "      <td>...</td>\n",
       "      <td>0.200529</td>\n",
       "      <td>0.345984</td>\n",
       "      <td>-0.145891</td>\n",
       "      <td>0.410174</td>\n",
       "      <td>-0.059053</td>\n",
       "      <td>-0.565950</td>\n",
       "      <td>-0.141997</td>\n",
       "      <td>1.000000</td>\n",
       "      <td>0.329827</td>\n",
       "      <td>0.256456</td>\n",
       "    </tr>\n",
       "    <tr>\n",
       "      <th>sqft_living15</th>\n",
       "      <td>-0.008666</td>\n",
       "      <td>0.586408</td>\n",
       "      <td>-0.017867</td>\n",
       "      <td>-0.005913</td>\n",
       "      <td>-0.000844</td>\n",
       "      <td>0.383713</td>\n",
       "      <td>0.571972</td>\n",
       "      <td>0.757771</td>\n",
       "      <td>0.160086</td>\n",
       "      <td>0.297821</td>\n",
       "      <td>...</td>\n",
       "      <td>0.717157</td>\n",
       "      <td>0.731262</td>\n",
       "      <td>0.209224</td>\n",
       "      <td>0.326640</td>\n",
       "      <td>0.005392</td>\n",
       "      <td>-0.276162</td>\n",
       "      <td>0.052141</td>\n",
       "      <td>0.329827</td>\n",
       "      <td>1.000000</td>\n",
       "      <td>0.189088</td>\n",
       "    </tr>\n",
       "    <tr>\n",
       "      <th>sqft_lot15</th>\n",
       "      <td>-0.142482</td>\n",
       "      <td>0.078428</td>\n",
       "      <td>0.002483</td>\n",
       "      <td>-0.002281</td>\n",
       "      <td>-0.009109</td>\n",
       "      <td>0.035662</td>\n",
       "      <td>0.098087</td>\n",
       "      <td>0.192312</td>\n",
       "      <td>0.719971</td>\n",
       "      <td>-0.010979</td>\n",
       "      <td>...</td>\n",
       "      <td>0.119376</td>\n",
       "      <td>0.198562</td>\n",
       "      <td>0.028761</td>\n",
       "      <td>0.066095</td>\n",
       "      <td>0.020924</td>\n",
       "      <td>-0.144500</td>\n",
       "      <td>-0.091305</td>\n",
       "      <td>0.256456</td>\n",
       "      <td>0.189088</td>\n",
       "      <td>1.000000</td>\n",
       "    </tr>\n",
       "  </tbody>\n",
       "</table>\n",
       "<p>23 rows × 23 columns</p>\n",
       "</div>"
      ],
      "text/plain": [
       "                     id     price   sale_yr  sale_month  sale_day  bedrooms  \\\n",
       "id             1.000000 -0.018552  0.011739   -0.015319 -0.000028 -0.001835   \n",
       "price         -0.018552  1.000000  0.007752   -0.024029 -0.008888  0.301817   \n",
       "sale_yr        0.011739  0.007752  1.000000   -0.781698  0.000353  0.001494   \n",
       "sale_month    -0.015319 -0.024029 -0.781698    1.000000 -0.066544 -0.010604   \n",
       "sale_day      -0.000028 -0.008888  0.000353   -0.066544  1.000000 -0.002956   \n",
       "bedrooms      -0.001835  0.301817  0.001494   -0.010604 -0.002956  1.000000   \n",
       "bathrooms      0.003585  0.521330 -0.015368   -0.007158 -0.000282  0.506150   \n",
       "sqft_living   -0.017667  0.702100 -0.021402   -0.000472 -0.004819  0.563715   \n",
       "sqft_lot      -0.142302  0.101519  0.006448   -0.007040 -0.015035  0.043723   \n",
       "floors         0.021799  0.241054 -0.018299    0.010150 -0.002563  0.158787   \n",
       "waterfront    -0.003153  0.266653  0.002698   -0.001807  0.007933 -0.006144   \n",
       "view           0.017135  0.404273 -0.000529   -0.007785  0.011097  0.081847   \n",
       "condition     -0.029778  0.040836 -0.044823    0.024307  0.003830  0.028081   \n",
       "grade          0.007314  0.672523 -0.024184   -0.004369 -0.004275  0.357437   \n",
       "sqft_above    -0.014489  0.601167 -0.021474    0.002046  0.000539  0.471012   \n",
       "sqft_basement -0.009677  0.337082 -0.004370   -0.004823 -0.011064  0.292518   \n",
       "yr_built       0.023552  0.057491 -0.001010   -0.008522 -0.003967  0.158293   \n",
       "yr_renovated  -0.015689  0.129219 -0.013095    0.004638  0.015097  0.017019   \n",
       "zipcode       -0.009795 -0.052930  0.008871   -0.003360 -0.011836 -0.153187   \n",
       "lat           -0.003877  0.309688 -0.026338    0.007777 -0.003930 -0.011471   \n",
       "long           0.016109  0.020066 -0.002823   -0.007013 -0.005230  0.134836   \n",
       "sqft_living15 -0.008666  0.586408 -0.017867   -0.005913 -0.000844  0.383713   \n",
       "sqft_lot15    -0.142482  0.078428  0.002483   -0.002281 -0.009109  0.035662   \n",
       "\n",
       "               bathrooms  sqft_living  sqft_lot    floors  ...     grade  \\\n",
       "id              0.003585    -0.017667 -0.142302  0.021799  ...  0.007314   \n",
       "price           0.521330     0.702100  0.101519  0.241054  ...  0.672523   \n",
       "sale_yr        -0.015368    -0.021402  0.006448 -0.018299  ... -0.024184   \n",
       "sale_month     -0.007158    -0.000472 -0.007040  0.010150  ... -0.004369   \n",
       "sale_day       -0.000282    -0.004819 -0.015035 -0.002563  ... -0.004275   \n",
       "bedrooms        0.506150     0.563715  0.043723  0.158787  ...  0.357437   \n",
       "bathrooms       1.000000     0.751196  0.111547  0.525690  ...  0.670199   \n",
       "sqft_living     0.751196     1.000000  0.199900  0.356204  ...  0.764135   \n",
       "sqft_lot        0.111547     0.199900  1.000000 -0.001955  ...  0.134900   \n",
       "floors          0.525690     0.356204 -0.001955  1.000000  ...  0.471167   \n",
       "waterfront      0.061259     0.108829  0.030690  0.021848  ...  0.089190   \n",
       "view            0.192763     0.294801  0.080008  0.025428  ...  0.259589   \n",
       "condition      -0.128083    -0.058682 -0.011748 -0.292446  ... -0.145017   \n",
       "grade           0.670199     0.764135  0.134900  0.471167  ...  1.000000   \n",
       "sqft_above      0.683281     0.877851  0.209318  0.517587  ...  0.756418   \n",
       "sqft_basement   0.285493     0.439577  0.024416 -0.227682  ...  0.175320   \n",
       "yr_built        0.517302     0.321174  0.061289  0.583424  ...  0.453137   \n",
       "yr_renovated    0.051187     0.056815  0.015304 -0.013754  ...  0.010583   \n",
       "zipcode        -0.210371    -0.198690 -0.134486 -0.101169  ... -0.187606   \n",
       "lat             0.023491     0.057183 -0.098030  0.036589  ...  0.118662   \n",
       "long            0.229700     0.241130  0.243222  0.161123  ...  0.200529   \n",
       "sqft_living15   0.571972     0.757771  0.160086  0.297821  ...  0.717157   \n",
       "sqft_lot15      0.098087     0.192312  0.719971 -0.010979  ...  0.119376   \n",
       "\n",
       "               sqft_above  sqft_basement  yr_built  yr_renovated   zipcode  \\\n",
       "id              -0.014489      -0.009677  0.023552     -0.015689 -0.009795   \n",
       "price            0.601167       0.337082  0.057491      0.129219 -0.052930   \n",
       "sale_yr         -0.021474      -0.004370 -0.001010     -0.013095  0.008871   \n",
       "sale_month       0.002046      -0.004823 -0.008522      0.004638 -0.003360   \n",
       "sale_day         0.000539      -0.011064 -0.003967      0.015097 -0.011836   \n",
       "bedrooms         0.471012       0.292518  0.158293      0.017019 -0.153187   \n",
       "bathrooms        0.683281       0.285493  0.517302      0.051187 -0.210371   \n",
       "sqft_living      0.877851       0.439577  0.321174      0.056815 -0.198690   \n",
       "sqft_lot         0.209318       0.024416  0.061289      0.015304 -0.134486   \n",
       "floors           0.517587      -0.227682  0.583424     -0.013754 -0.101169   \n",
       "waterfront       0.072992       0.090118 -0.029447      0.110810  0.034331   \n",
       "view             0.172099       0.292172 -0.050330      0.107713  0.081988   \n",
       "condition       -0.157826       0.173584 -0.367136     -0.054590  0.003251   \n",
       "grade            0.756418       0.175320  0.453137      0.010583 -0.187606   \n",
       "sqft_above       1.000000      -0.044298  0.426661      0.025544 -0.261634   \n",
       "sqft_basement   -0.044298       1.000000 -0.130229      0.070606  0.076225   \n",
       "yr_built         0.426661      -0.130229  1.000000     -0.220292 -0.346266   \n",
       "yr_renovated     0.025544       0.070606 -0.220292      1.000000  0.053892   \n",
       "zipcode         -0.261634       0.076225 -0.346266      0.053892  1.000000   \n",
       "lat              0.002178       0.115194 -0.143039      0.013535  0.267687   \n",
       "long             0.345984      -0.145891  0.410174     -0.059053 -0.565950   \n",
       "sqft_living15    0.731262       0.209224  0.326640      0.005392 -0.276162   \n",
       "sqft_lot15       0.198562       0.028761  0.066095      0.020924 -0.144500   \n",
       "\n",
       "                    lat      long  sqft_living15  sqft_lot15  \n",
       "id            -0.003877  0.016109      -0.008666   -0.142482  \n",
       "price          0.309688  0.020066       0.586408    0.078428  \n",
       "sale_yr       -0.026338 -0.002823      -0.017867    0.002483  \n",
       "sale_month     0.007777 -0.007013      -0.005913   -0.002281  \n",
       "sale_day      -0.003930 -0.005230      -0.000844   -0.009109  \n",
       "bedrooms      -0.011471  0.134836       0.383713    0.035662  \n",
       "bathrooms      0.023491  0.229700       0.571972    0.098087  \n",
       "sqft_living    0.057183  0.241130       0.757771    0.192312  \n",
       "sqft_lot      -0.098030  0.243222       0.160086    0.719971  \n",
       "floors         0.036589  0.161123       0.297821   -0.010979  \n",
       "waterfront    -0.017276 -0.049375       0.092290    0.034915  \n",
       "view           0.008133 -0.077312       0.289343    0.073464  \n",
       "condition     -0.005136 -0.112918      -0.090462   -0.005565  \n",
       "grade          0.118662  0.200529       0.717157    0.119376  \n",
       "sqft_above     0.002178  0.345984       0.731262    0.198562  \n",
       "sqft_basement  0.115194 -0.145891       0.209224    0.028761  \n",
       "yr_built      -0.143039  0.410174       0.326640    0.066095  \n",
       "yr_renovated   0.013535 -0.059053       0.005392    0.020924  \n",
       "zipcode        0.267687 -0.565950      -0.276162   -0.144500  \n",
       "lat            1.000000 -0.141997       0.052141   -0.091305  \n",
       "long          -0.141997  1.000000       0.329827    0.256456  \n",
       "sqft_living15  0.052141  0.329827       1.000000    0.189088  \n",
       "sqft_lot15    -0.091305  0.256456       0.189088    1.000000  \n",
       "\n",
       "[23 rows x 23 columns]"
      ]
     },
     "execution_count": 2,
     "metadata": {},
     "output_type": "execute_result"
    }
   ],
   "source": [
    "#查看相關性\n",
    "train.corr()"
   ]
  },
  {
   "cell_type": "code",
   "execution_count": 19,
   "id": "566727d6",
   "metadata": {},
   "outputs": [
    {
     "data": {
      "text/plain": [
       "<AxesSubplot:>"
      ]
     },
     "execution_count": 19,
     "metadata": {},
     "output_type": "execute_result"
    },
    {
     "data": {
